[
  {
    "type": "unwetter",
    "dwd_id": "1234",
    "timestamps": [1537514100000, 1537514400000],
    "geometry": [
    {"type":"MultiPolygon","coordinates":
    [
      [
        [
            [
              7.2564697265625,
              51.840868716392876
            ],
            [
              7.27020263671875,
              51.82729091455115
            ],
            [
              7.27294921875,
              51.80521825434942
            ],
            [
              7.248229980468751,
              51.78313478108053
            ],
            [
              7.174072265624999,
              51.7576404113981
            ],
            [
              7.163085937499999,
              51.7406361640977
            ],
            [
              7.12738037109375,
              51.7083104566789
            ],
            [
              7.0916748046875,
              51.674258422595145
            ],
            [
              7.06146240234375,
              51.64358968607138
            ],
            [
              7.0477294921875,
              51.61290019118336
            ],
            [
              7.012023925781249,
              51.582189932691456
            ],
            [
              6.976318359375,
              51.54121061341155
            ],
            [
              6.90765380859375,
              51.50703296721856
            ],
            [
              6.82525634765625,
              51.48993452350154
            ],
            [
              6.72088623046875,
              51.45914115860514
            ],
            [
              6.64947509765625,
              51.45571839040817
            ],
            [
              6.58905029296875,
              51.445448545784195
            ],
            [
              6.52313232421875,
              51.436888577204996
            ],
            [
              6.459960937499999,
              51.43860069927038
            ],
            [
              6.405029296875,
              51.431751825946115
            ],
            [
              6.416015625,
              51.40434606342361
            ],
            [
              6.48468017578125,
              51.394064665922045
            ],
            [
              6.572570800781249,
              51.39577839266317
            ],
            [
              6.663208007812499,
              51.39749205520681
            ],
            [
              6.77581787109375,
              51.4094858955551
            ],
            [
              6.932373046875,
              51.42147659056747
            ],
            [
              7.0751953125,
              51.44202475087509
            ],
            [
              7.14935302734375,
              51.45400691005982
            ],
            [
              7.196044921875,
              51.46598592502469
            ],
            [
              7.220764160156249,
              51.47796179607121
            ],
            [
              7.27569580078125,
              51.49506473014368
            ],
            [
              7.2894287109375,
              51.49506473014368
            ],
            [
              7.3004150390625,
              51.47111882613948
            ],
            [
              7.311401367187499,
              51.46085244645549
            ],
            [
              7.314147949218749,
              51.42832700421254
            ],
            [
              7.308654785156251,
              51.402632657661314
            ],
            [
              7.283935546874999,
              51.37349493730543
            ],
            [
              7.297668457031249,
              51.36663630649157
            ],
            [
              7.34710693359375,
              51.36663630649157
            ],
            [
              7.4212646484375,
              51.36663630649157
            ],
            [
              7.459716796875001,
              51.37178037591737
            ],
            [
              7.503662109375,
              51.37178037591737
            ],
            [
              7.525634765624999,
              51.37178037591737
            ],
            [
              7.57781982421875,
              51.376923867455886
            ],
            [
              7.569580078124999,
              51.39920565355378
            ],
            [
              7.5311279296875,
              51.4094858955551
            ],
            [
              7.4981689453125,
              51.43003944716933
            ],
            [
              7.492675781249999,
              51.45229536554372
            ],
            [
              7.476196289062499,
              51.474540439419755
            ],
            [
              7.46795654296875,
              51.49848454717058
            ],
            [
              7.462463378906249,
              51.513870548723986
            ],
            [
              7.459716796875001,
              51.53266860674158
            ],
            [
              7.445983886718749,
              51.54804306453371
            ],
            [
              7.44049072265625,
              51.580483198305345
            ],
            [
              7.44049072265625,
              51.614605707797466
            ],
            [
              7.45697021484375,
              51.645294049305406
            ],
            [
              7.47344970703125,
              51.66744494147575
            ],
            [
              7.492675781249999,
              51.67255514839674
            ],
            [
              7.553100585937499,
              51.670851810144654
            ],
            [
              7.59429931640625,
              51.66403781658121
            ],
            [
              7.630004882812499,
              51.65551888331032
            ],
            [
              7.6629638671875,
              51.66233415804707
            ],
            [
              7.643737792968749,
              51.67255514839674
            ],
            [
              7.616271972656249,
              51.68447672270844
            ],
            [
              7.643737792968749,
              51.68958500811337
            ],
            [
              7.671203613281251,
              51.69299021149185
            ],
            [
              7.671203613281251,
              51.70660846336452
            ],
            [
              7.640991210937501,
              51.70320428462806
            ],
            [
              7.591552734375,
              51.70150209920415
            ],
            [
              7.53387451171875,
              51.70150209920415
            ],
            [
              7.4871826171875,
              51.7083104566789
            ],
            [
              7.459716796875001,
              51.72022261695929
            ],
            [
              7.445983886718749,
              51.75253980933652
            ],
            [
              7.448730468749999,
              51.78653294239638
            ],
            [
              7.465209960937499,
              51.817104876426534
            ],
            [
              7.522888183593749,
              51.817104876426534
            ],
            [
              7.613525390624999,
              51.81201099369774
            ],
            [
              7.701416015625001,
              51.82559340146247
            ],
            [
              7.77557373046875,
              51.84256565377846
            ],
            [
              7.797546386718749,
              51.87140380383993
            ],
            [
              7.77008056640625,
              51.891749018068246
            ],
            [
              7.71240234375,
              51.86801203959148
            ],
            [
              7.7288818359375,
              51.91716758909015
            ],
            [
              7.671203613281251,
              51.87479531230162
            ],
            [
              7.68218994140625,
              51.91886164908389
            ],
            [
              7.63275146484375,
              51.8883587884291
            ],
            [
              7.640991210937501,
              51.92733099026087
            ],
            [
              7.6025390625,
              51.91547346517476
            ],
            [
              7.5750732421875,
              51.91377927733684
            ],
            [
              7.569580078124999,
              51.94257177774754
            ],
            [
              7.5640869140625,
              51.964577109947506
            ],
            [
              7.5750732421875,
              51.98995445995023
            ],
            [
              7.60528564453125,
              51.95611479866179
            ],
            [
              7.643737792968749,
              51.99333702056398
            ],
            [
              7.64923095703125,
              51.952729426852905
            ],
            [
              7.690429687499999,
              51.984880139916626
            ],
            [
              7.69866943359375,
              51.9493437994359
            ],
            [
              7.745361328125,
              51.96965372996562
            ],
            [
              7.797546386718749,
              51.959499914870015
            ],
            [
              7.8497314453125,
              51.9730378238461
            ],
            [
              7.868957519531249,
              51.986571643810834
            ],
            [
              7.888183593749999,
              52.01869808104436
            ],
            [
              7.885437011718749,
              52.05249047600099
            ],
            [
              7.86346435546875,
              52.08288179572668
            ],
            [
              7.822265625000001,
              52.10481822023322
            ],
            [
              7.797546386718749,
              52.12337138625387
            ],
            [
              7.77008056640625,
              52.14360239845529
            ],
            [
              7.717895507812499,
              52.14360239845529
            ],
            [
              7.553100585937499,
              52.15371445951162
            ],
            [
              7.489929199218751,
              52.15371445951162
            ],
            [
              7.418518066406249,
              52.148658716048985
            ],
            [
              7.278442382812501,
              52.13180209119313
            ],
            [
              7.218017578125001,
              52.101444087734635
            ],
            [
              7.187805175781251,
              52.071065406906634
            ],
            [
              7.16033935546875,
              52.02883848153626
            ],
            [
              7.163085937499999,
              52.0001013752444
            ],
            [
              7.176818847656249,
              51.952729426852905
            ],
            [
              7.176818847656249,
              51.91039070988962
            ],
            [
              7.218017578125001,
              51.86970795368951
            ],
            [
              7.2564697265625,
              51.840868716392876
            ]
          ]
      ]
    ]
    }
    ],
    "properties": {
      "event": "STARKES GEWITTER",
      "ec_ii": "34",
      "responseType": "Prepare",
      "urgency": "Immediate",
      "severity": "Moderate",
      "certainty": "Likely",
      "description": "In diesem Gebiet ist im angegebenen Zeitraum mit vereinzelten, aber starken Gewittern zu rechnen.",
      "instruction": "null",
      "sent" : 0,
      "onset" : 1537514100000,
      "effective" : 153751410000,
      "expires" : 1537514401000
    }
  },
  {
  "type" : "unwetter",
  "dwd_id" : "2.49.0.1.276.0.DWD.PVW.1579326660000.1760f283-40d0-48a8-a9a7-a3a349f76a82.DEU",
  "timestamps" : [ 1537514400000, 1537514700000 ],
  "geometry" : [
  { "type" : "MultiPolygon", "coordinates" :
  [ [ [ [ 7.0976, 53.5125 ], [ 7.1281, 53.4969 ], [ 7.1606, 53.5004 ], [ 7.1874, 53.5211 ], [ 7.2166, 53.5535 ], [ 7.2755, 53.5602 ], [ 7.2448, 53.5676 ], [ 7.2733, 53.5788 ], [ 7.2989, 53.5797 ], [ 7.3059, 53.5783 ], [ 7.3263, 53.5566 ], [ 7.3441, 53.5438 ], [ 7.3164, 53.5347 ], [ 7.2887, 53.5335 ], [ 7.2343, 53.5238 ], [ 7.2179, 53.5137 ], [ 7.2148, 53.5144 ], [ 7.1996, 53.5126 ], [ 7.2021, 53.5104 ], [ 7.2121, 53.4991 ], [ 7.1914, 53.471 ], [ 7.1959, 53.4511 ], [ 7.1694, 53.4457 ], [ 7.1491, 53.4301 ], [ 7.1399, 53.3979 ], [ 7.1025, 53.3881 ], [ 7.0879, 53.3688 ], [ 7.0575, 53.3537 ], [ 7.039, 53.3535 ], [ 7.0142, 53.3788 ], [ 6.9986, 53.3603 ], [ 7.0106, 53.3853 ], [ 7.0098, 53.4246 ], [ 7.0261, 53.4761 ], [ 7.0475, 53.5057 ], [ 7.0323, 53.5296 ], [ 7.0773, 53.5327 ], [ 7.0976, 53.5125 ], [ 7.0976, 53.5125 ] ] ] ] }, { "type" : "MultiPolygon", "coordinates" : [ [ [ [ 8.7578, 53.7659 ], [ 8.7797, 53.7889 ], [ 8.8632, 53.7735 ], [ 8.8426, 53.7894 ], [ 8.9051, 53.7928 ], [ 8.9344, 53.7849 ], [ 8.9587, 53.8007 ], [ 8.961, 53.7786 ], [ 8.9941, 53.7712 ], [ 9.0085, 53.7802 ], [ 9.0039, 53.7974 ], [ 9.0165, 53.8158 ], [ 9.0364, 53.8158 ], [ 9.0182, 53.835 ], [ 9.0532, 53.8525 ], [ 9.088, 53.8615 ], [ 9.1752, 53.8635 ], [ 9.2543, 53.8598 ], [ 9.274, 53.8574 ], [ 9.275, 53.8572 ], [ 9.2727, 53.8677 ], [ 9.3197, 53.8505 ], [ 9.3316, 53.8399 ], [ 9.3454, 53.8446 ], [ 9.3493, 53.8468 ], [ 9.3575, 53.8721 ], [ 9.3626, 53.8687 ], [ 9.3931, 53.8661 ], [ 9.4149, 53.8493 ], [ 9.4294, 53.8568 ], [ 9.4306, 53.8861 ], [ 9.4611, 53.8834 ], [ 9.4728, 53.8846 ], [ 9.4698, 53.8979 ], [ 9.475, 53.9012 ], [ 9.4927, 53.9001 ], [ 9.5129, 53.9066 ], [ 9.5267, 53.9148 ], [ 9.5513, 53.9069 ], [ 9.5749, 53.9118 ], [ 9.5952, 53.8918 ], [ 9.6211, 53.8876 ], [ 9.6463, 53.878 ], [ 9.671, 53.8894 ], [ 9.6929, 53.8903 ], [ 9.6849, 53.8975 ], [ 9.7052, 53.9257 ], [ 9.7355, 53.9112 ], [ 9.7619, 53.9133 ], [ 9.8222, 53.9161 ], [ 9.8553, 53.9075 ], [ 9.8767, 53.9314 ], [ 9.9071, 53.9319 ], [ 9.9138, 53.9437 ], [ 9.9217, 53.9434 ], [ 9.957, 53.9409 ], [ 10.0004, 53.9395 ], [ 10.0325, 53.9492 ], [ 10.0358, 53.9298 ], [ 10.0403, 53.9299 ], [ 10.0691, 53.9499 ], [ 10.0925, 53.9482 ], [ 10.1069, 53.9629 ], [ 10.1414, 53.9724 ], [ 10.1667, 53.9692 ], [ 10.2032, 53.974 ], [ 10.2281, 54.0074 ], [ 10.2843, 53.995 ], [ 10.3016, 53.9858 ], [ 10.3208, 53.9954 ], [ 10.3394, 54.0012 ], [ 10.3612, 54.0099 ], [ 10.3906, 54.0119 ], [ 10.3938, 54.0182 ], [ 10.3992, 54.022 ], [ 10.4399, 54.0175 ], [ 10.4605, 53.9972 ], [ 10.4513, 53.9887 ], [ 10.4949, 53.9868 ], [ 10.516, 53.9803 ], [ 10.5183, 53.9585 ], [ 10.5441, 53.949 ], [ 10.5529, 53.9364 ], [ 10.5898, 53.9502 ], [ 10.6509, 53.982 ], [ 10.6624, 53.977 ], [ 10.6844, 53.9961 ], [ 10.7452, 54.018 ], [ 10.7535, 54.0063 ], [ 10.7734, 54.0101 ], [ 10.8022, 53.9926 ], [ 10.8436, 53.9926 ], [ 10.881, 53.9855 ], [ 10.8852, 53.9587 ], [ 10.9034, 53.957 ], [ 10.8972, 53.9229 ], [ 10.9393, 53.9187 ], [ 10.9304, 53.9009 ], [ 10.8849, 53.9243 ], [ 10.875, 53.9147 ], [ 10.8072, 53.8862 ], [ 10.8057, 53.8805 ], [ 10.7717, 53.8733 ], [ 10.7485, 53.8521 ], [ 10.7483, 53.8354 ], [ 10.7647, 53.811 ], [ 10.7295, 53.8008 ], [ 10.6956, 53.7833 ], [ 10.6739, 53.7856 ], [ 10.635, 53.7958 ], [ 10.6467, 53.7724 ], [ 10.6402, 53.7683 ], [ 10.6271, 53.7698 ], [ 10.6041, 53.7758 ], [ 10.5907, 53.7915 ], [ 10.5818, 53.8051 ], [ 10.5613, 53.8221 ], [ 10.5228, 53.8111 ], [ 10.5111, 53.8217 ], [ 10.4844, 53.8148 ], [ 10.4497, 53.8196 ], [ 10.4342, 53.8163 ], [ 10.4272, 53.7954 ], [ 10.418, 53.7691 ], [ 10.3961, 53.7711 ], [ 10.3813, 53.7832 ], [ 10.3434, 53.794 ], [ 10.3139, 53.7843 ], [ 10.2993, 53.7932 ], [ 10.2958, 53.8107 ], [ 10.28, 53.8248 ], [ 10.2412, 53.8185 ], [ 10.2626, 53.7872 ], [ 10.2594, 53.7834 ], [ 10.2259, 53.7821 ], [ 10.1948, 53.8024 ], [ 10.1689, 53.8183 ], [ 10.1615, 53.8359 ], [ 10.1369, 53.8413 ], [ 10.1147, 53.8368 ], [ 10.1078, 53.822 ], [ 10.0855, 53.8331 ], [ 10.0799, 53.8439 ], [ 10.0535, 53.8336 ], [ 10.0338, 53.8325 ], [ 10.0138, 53.8399 ], [ 9.9919, 53.8268 ], [ 9.9844, 53.8267 ], [ 9.9788, 53.815 ], [ 9.9561, 53.8151 ], [ 9.927, 53.8021 ], [ 9.9195, 53.8164 ], [ 9.8783, 53.8119 ], [ 9.8725, 53.8147 ], [ 9.8539, 53.8272 ], [ 9.8318, 53.8251 ], [ 9.8216, 53.8262 ], [ 9.8209, 53.8055 ], [ 9.8076, 53.802 ], [ 9.78, 53.8106 ], [ 9.7638, 53.8237 ], [ 9.7498, 53.8197 ], [ 9.7434, 53.8275 ], [ 9.7234, 53.8323 ], [ 9.697, 53.8238 ], [ 9.6722, 53.8343 ], [ 9.6494, 53.7814 ], [ 9.6433, 53.7739 ], [ 9.6272, 53.7774 ], [ 9.621, 53.7876 ], [ 9.5829, 53.7922 ], [ 9.5616, 53.7761 ], [ 9.5455, 53.7678 ], [ 9.4998, 53.7957 ], [ 9.493, 53.794 ], [ 9.4878, 53.7931 ], [ 9.4424, 53.789 ], [ 9.4365, 53.8055 ], [ 9.3978, 53.812 ], [ 9.3906, 53.81 ], [ 9.3716, 53.8048 ], [ 9.378, 53.7964 ], [ 9.3454, 53.7881 ], [ 9.345, 53.7874 ], [ 9.3271, 53.776 ], [ 9.3408, 53.7433 ], [ 9.2986, 53.7298 ], [ 9.2747, 53.7432 ], [ 9.2692, 53.7591 ], [ 9.2624, 53.7685 ], [ 9.2227, 53.7561 ], [ 9.1843, 53.7431 ], [ 9.1637, 53.7302 ], [ 9.1598, 53.7148 ], [ 9.1543, 53.7227 ], [ 9.0961, 53.7137 ], [ 9.0579, 53.7027 ], [ 9.0396, 53.6912 ], [ 9.0055, 53.6958 ], [ 9.0012, 53.6877 ], [ 8.9572, 53.6907 ], [ 8.9599, 53.7215 ], [ 8.9206, 53.7028 ], [ 8.8306, 53.7068 ], [ 8.8272, 53.6799 ], [ 8.7667, 53.6825 ], [ 8.7343, 53.7185 ], [ 8.7126, 53.736 ], [ 8.7101, 53.7606 ], [ 8.7578, 53.7659 ], [ 8.7578, 53.7659 ] ] ] ] }, { "type" : "MultiPolygon", "coordinates" : [ [ [ [ 7.5144, 53.5901 ], [ 7.5421, 53.5878 ], [ 7.5318, 53.5519 ], [ 7.5099, 53.55 ], [ 7.4807, 53.5518 ], [ 7.4767, 53.5767 ], [ 7.4889, 53.5878 ], [ 7.5044, 53.5946 ], [ 7.5144, 53.5901 ], [ 7.5144, 53.5901 ] ] ] ] }, { "type" : "MultiPolygon", "coordinates" : [ [ [ [ 7.4461, 53.5793 ], [ 7.4385, 53.56 ], [ 7.4788, 53.5461 ], [ 7.4296, 53.533 ], [ 7.4162, 53.577 ], [ 7.4461, 53.5793 ], [ 7.4461, 53.5793 ] ] ] ] }, { "type" : "MultiPolygon", "coordinates" : [ [ [ [ 7.6799, 53.6166 ], [ 7.6835, 53.5921 ], [ 7.6613, 53.58 ], [ 7.6494, 53.5611 ], [ 7.5747, 53.5564 ], [ 7.592, 53.574 ], [ 7.6003, 53.5976 ], [ 7.6191, 53.6127 ], [ 7.6583, 53.6089 ], [ 7.6799, 53.6166 ], [ 7.6799, 53.6166 ] ] ] ]
  }
  ],
  "properties" :
  { "event" : "GLATTEIS",
  "ec_ii" : "85",
  "responseType" : "Prepare",
  "urgency" : "Immediate",
  "severity" : "Minor",
  "certainty" : "Likely",
  "description" : "Aufgrund von gefrierendem Regen oder Sprühregen muss örtlich mit Glatteis gerechnet werden..",
  "instruction" : null,
  "sent" : 0,
  "onset" : 1537514400000,
  "effective" : 1537514400000,
  "expires" : 1537514700000 }
  },
  {
  "type" : "unwetter",
  "dwd_id" : "2.49.0.1.276.0.DWD.PVW.1579265760000.6020590e-a454-40ca-8359-9c9b14cd909b.DEU",
  "timestamps" : [ 1537513800000, 1537514100000, 1537514400000, 1537514700000, 1537515000000 ],
  "geometry" : [
  { "type" : "MultiPolygon", "coordinates" :
  [ [ [ [ 9.985, 47.7521 ], [ 9.9683, 47.7442 ], [ 9.9382, 47.752 ], [ 9.9415, 47.806 ], [ 9.9068, 47.838 ], [ 9.9192, 47.8722 ], [ 9.9729, 47.8621 ], [ 9.9988, 47.8835 ], [ 10.0224, 47.8731 ], [ 10.0545, 47.8768 ], [ 10.077, 47.8678 ], [ 10.1035, 47.8653 ], [ 10.1097, 47.8401 ], [ 10.1321, 47.8201 ], [ 10.102, 47.8011 ], [ 10.067, 47.7878 ], [ 10.083, 47.7721 ], [ 10.1189, 47.7612 ], [ 10.1171, 47.7523 ], [ 10.1145, 47.7375 ], [ 10.1211, 47.7133 ], [ 10.1387, 47.7039 ], [ 10.1305, 47.6769 ], [ 10.0932, 47.6645 ], [ 10.0768, 47.6395 ], [ 10.0751, 47.6583 ], [ 10.0587, 47.6805 ], [ 10.0305, 47.6749 ], [ 10.0149, 47.6833 ], [ 9.9973, 47.6788 ], [ 10.0044, 47.6992 ], [ 9.9797, 47.7257 ], [ 9.985, 47.7521 ], [ 9.985, 47.7521 ] ] ] ]
  }
  ],
  "properties" :
  { "event" : "LEICHTER SCHNEEFALL",
  "ec_ii" : "70",
  "responseType" : "Prepare",
  "urgency" : "Immediate",
  "severity" : "Minor",
  "certainty" : "Likely",
  "description" : "Es tritt im Warnzeitraum oberhalb 800 m leichter Schneefall mit Mengen zwischen 1 cm und 5 cm auf. Die Schneefallgrenze fällt auf 800 Meter. Verbreitet wird es glatt.",
  "instruction" : null,
  "sent" : 0,
  "onset" : 1537513800000,
  "effective" : 1537513800000,
  "expires" : 1537515000000 }
  },
  {
  "type" : "unwetter",
  "dwd_id" : "2.49.0.1.276.0.DWD.PVW.1579265700000.3239c728-865d-4e8c-b337-634f0025a0a5.DEU",
  "timestamps" : [ 1537513800000, 1537514100000, 1537514400000 ],
  "geometry" : [
  { "type" : "MultiPolygon", "coordinates" :
  [ [ [ [ 9.9091, 47.5387 ], [ 9.879, 47.5466 ], [ 9.8689, 47.5578 ], [ 9.8844, 47.5823 ], [ 9.9038, 47.6026 ], [ 9.9301, 47.6003 ], [ 9.9538, 47.6112 ], [ 9.9727, 47.6101 ], [ 9.9802, 47.6318 ], [ 9.9703, 47.6535 ], [ 9.9973, 47.6788 ], [ 10.0149, 47.6833 ], [ 10.0305, 47.6749 ], [ 10.0587, 47.6805 ], [ 10.0751, 47.6583 ], [ 10.0768, 47.6395 ], [ 10.0932, 47.6645 ], [ 10.1305, 47.6769 ], [ 10.1387, 47.7039 ], [ 10.1211, 47.7133 ], [ 10.1145, 47.7375 ], [ 10.1171, 47.7523 ], [ 10.1189, 47.7612 ], [ 10.083, 47.7721 ], [ 10.067, 47.7878 ], [ 10.102, 47.8011 ], [ 10.1321, 47.8201 ], [ 10.194, 47.8394 ], [ 10.2225, 47.8291 ], [ 10.2351, 47.8078 ], [ 10.2874, 47.7983 ], [ 10.2892, 47.7784 ], [ 10.2962, 47.767 ], [ 10.3394, 47.7675 ], [ 10.3775, 47.757 ], [ 10.364, 47.7296 ], [ 10.3731, 47.7136 ], [ 10.3424, 47.713 ], [ 10.318, 47.6949 ], [ 10.3227, 47.6908 ], [ 10.3679, 47.6909 ], [ 10.4178, 47.679 ], [ 10.4495, 47.6901 ], [ 10.4591, 47.6915 ], [ 10.4848, 47.6799 ], [ 10.505, 47.6601 ], [ 10.5067, 47.6537 ], [ 10.5463, 47.6442 ], [ 10.5909, 47.6421 ], [ 10.5737, 47.6671 ], [ 10.5942, 47.6679 ], [ 10.6092, 47.6938 ], [ 10.6419, 47.688 ], [ 10.6523, 47.6945 ], [ 10.6619, 47.6951 ], [ 10.6716, 47.7217 ], [ 10.6654, 47.7388 ], [ 10.6856, 47.7576 ], [ 10.6876, 47.7749 ], [ 10.7091, 47.7728 ], [ 10.7107, 47.7854 ], [ 10.7486, 47.7973 ], [ 10.7656, 47.7856 ], [ 10.7772, 47.7668 ], [ 10.8026, 47.7599 ], [ 10.8247, 47.7425 ], [ 10.8507, 47.7661 ], [ 10.8691, 47.7455 ], [ 10.8863, 47.7511 ], [ 10.9121, 47.7397 ], [ 10.9105, 47.7218 ], [ 10.9503, 47.7139 ], [ 10.9647, 47.6977 ], [ 10.9781, 47.7144 ], [ 11.0064, 47.7086 ], [ 11.0452, 47.7161 ], [ 11.0492, 47.6982 ], [ 11.0843, 47.6824 ], [ 11.1249, 47.6794 ], [ 11.1291, 47.6721 ], [ 11.1214, 47.6591 ], [ 11.1434, 47.6264 ], [ 11.1543, 47.6223 ], [ 11.1781, 47.6413 ], [ 11.2039, 47.6349 ], [ 11.2164, 47.6599 ], [ 11.2307, 47.668 ], [ 11.2466, 47.6687 ], [ 11.2805, 47.661 ], [ 11.3128, 47.6663 ], [ 11.3173, 47.6759 ], [ 11.3482, 47.6748 ], [ 11.3441, 47.6937 ], [ 11.3637, 47.7017 ], [ 11.3728, 47.7259 ], [ 11.3743, 47.7288 ], [ 11.4233, 47.7415 ], [ 11.4063, 47.7594 ], [ 11.4114, 47.7889 ], [ 11.4411, 47.784 ], [ 11.4464, 47.7734 ], [ 11.4724, 47.7697 ], [ 11.4944, 47.7921 ], [ 11.5088, 47.8211 ], [ 11.5338, 47.8186 ], [ 11.5512, 47.8058 ], [ 11.5378, 47.7758 ], [ 11.5456, 47.746 ], [ 11.5608, 47.7468 ], [ 11.5896, 47.7544 ], [ 11.6022, 47.7758 ], [ 11.6059, 47.7903 ], [ 11.6372, 47.7914 ], [ 11.6626, 47.798 ], [ 11.6512, 47.8228 ], [ 11.6786, 47.8239 ], [ 11.6906, 47.7963 ], [ 11.7094, 47.8081 ], [ 11.7251, 47.7876 ], [ 11.7653, 47.7711 ], [ 11.776, 47.7741 ], [ 11.8004, 47.8102 ], [ 11.8131, 47.8242 ], [ 11.844, 47.8116 ], [ 11.9025, 47.7742 ], [ 11.946, 47.7864 ], [ 11.9408, 47.8002 ], [ 11.9169, 47.8111 ], [ 11.9537, 47.8283 ], [ 11.9686, 47.8336 ], [ 11.9998, 47.8228 ], [ 12.0307, 47.8193 ], [ 12.0594, 47.8184 ], [ 12.1102, 47.8115 ], [ 12.1308, 47.8132 ], [ 12.1403, 47.8044 ], [ 12.1588, 47.7895 ], [ 12.186, 47.7795 ], [ 12.2153, 47.7914 ], [ 12.2487, 47.7903 ], [ 12.2513, 47.8098 ], [ 12.275, 47.8221 ], [ 12.2818, 47.8356 ], [ 12.2996, 47.8374 ], [ 12.3113, 47.8244 ], [ 12.3768, 47.8348 ], [ 12.4277, 47.835 ], [ 12.4221, 47.8157 ], [ 12.4408, 47.8063 ], [ 12.4898, 47.7947 ], [ 12.5053, 47.8035 ], [ 12.536, 47.7989 ], [ 12.5654, 47.821 ], [ 12.5708, 47.8342 ], [ 12.6062, 47.8257 ], [ 12.6296, 47.8436 ], [ 12.6411, 47.8384 ], [ 12.6948, 47.8337 ], [ 12.6964, 47.8468 ], [ 12.7288, 47.8398 ], [ 12.7455, 47.8797 ], [ 12.7478, 47.8903 ], [ 12.7723, 47.8914 ], [ 12.8305, 47.8893 ], [ 12.8748, 47.878 ], [ 12.9113, 47.8513 ], [ 12.8749, 47.8327 ], [ 12.874, 47.8241 ], [ 12.9062, 47.8066 ], [ 12.9186, 47.8039 ], [ 12.9396, 47.7798 ], [ 12.9281, 47.7702 ], [ 12.9355, 47.748 ], [ 12.9142, 47.7383 ], [ 12.9057, 47.7239 ], [ 12.93, 47.7096 ], [ 12.9871, 47.7074 ], [ 12.9983, 47.7131 ], [ 13.0176, 47.7227 ], [ 13.0483, 47.7095 ], [ 13.08, 47.687 ], [ 13.0767, 47.6728 ], [ 13.0884, 47.6495 ], [ 13.0956, 47.6277 ], [ 13.0627, 47.6014 ], [ 13.0646, 47.5866 ], [ 13.0416, 47.5766 ], [ 13.0557, 47.5574 ], [ 13.0313, 47.5349 ], [ 13.0459, 47.5238 ], [ 13.0472, 47.492 ], [ 13.0272, 47.4867 ], [ 13.0008, 47.4641 ], [ 12.9889, 47.4777 ], [ 12.9723, 47.4742 ], [ 12.9087, 47.4969 ], [ 12.8804, 47.5219 ], [ 12.8578, 47.5268 ], [ 12.8477, 47.5456 ], [ 12.8183, 47.545 ], [ 12.7949, 47.5563 ], [ 12.7796, 47.5789 ], [ 12.8074, 47.6103 ], [ 12.7998, 47.6269 ], [ 12.7808, 47.6329 ], [ 12.7548, 47.6677 ], [ 12.7334, 47.6791 ], [ 12.6957, 47.6821 ], [ 12.6668, 47.6808 ], [ 12.6549, 47.6725 ], [ 12.605, 47.6732 ], [ 12.575, 47.6324 ], [ 12.5362, 47.6364 ], [ 12.512, 47.6255 ], [ 12.4653, 47.6498 ], [ 12.4389, 47.6766 ], [ 12.4424, 47.6896 ], [ 12.4121, 47.6939 ], [ 12.3639, 47.6841 ], [ 12.3375, 47.6968 ], [ 12.2775, 47.6878 ], [ 12.2558, 47.6791 ], [ 12.2413, 47.6942 ], [ 12.2644, 47.7325 ], [ 12.2572, 47.743 ], [ 12.2263, 47.7185 ], [ 12.1847, 47.7005 ], [ 12.164, 47.7008 ], [ 12.1669, 47.6899 ], [ 12.1998, 47.6434 ], [ 12.2039, 47.6311 ], [ 12.2025, 47.6069 ], [ 12.1761, 47.6147 ], [ 12.1387, 47.6059 ], [ 12.115, 47.6113 ], [ 12.0834, 47.6097 ], [ 12.0608, 47.6188 ], [ 12.0197, 47.6124 ], [ 12.0125, 47.6232 ], [ 11.9326, 47.6129 ], [ 11.8939, 47.6084 ], [ 11.8549, 47.6022 ], [ 11.8476, 47.582 ], [ 11.7811, 47.5912 ], [ 11.6993, 47.5888 ], [ 11.658, 47.5842 ], [ 11.6306, 47.5926 ], [ 11.5881, 47.5578 ], [ 11.5884, 47.5254 ], [ 11.568, 47.5138 ], [ 11.4489, 47.5073 ], [ 11.4396, 47.5175 ], [ 11.4106, 47.4951 ], [ 11.3901, 47.4807 ], [ 11.4019, 47.448 ], [ 11.3366, 47.4491 ], [ 11.3295, 47.438 ], [ 11.2911, 47.4265 ], [ 11.285, 47.4029 ], [ 11.2334, 47.3979 ], [ 11.2499, 47.4321 ], [ 11.205, 47.4335 ], [ 11.1621, 47.4219 ], [ 11.1275, 47.4117 ], [ 11.1222, 47.3986 ], [ 11.0996, 47.3951 ], [ 10.9706, 47.4001 ], [ 10.9847, 47.4211 ], [ 10.9836, 47.4301 ], [ 10.9329, 47.4684 ], [ 10.9351, 47.4816 ], [ 10.8711, 47.4817 ], [ 10.8712, 47.4999 ], [ 10.9182, 47.5172 ], [ 10.9037, 47.5188 ], [ 10.8854, 47.5373 ], [ 10.8533, 47.5342 ], [ 10.7776, 47.5144 ], [ 10.7508, 47.5372 ], [ 10.7185, 47.5383 ], [ 10.6921, 47.5511 ], [ 10.6904, 47.5592 ], [ 10.6355, 47.5592 ], [ 10.5982, 47.5697 ], [ 10.5736, 47.5339 ], [ 10.4894, 47.5401 ], [ 10.4546, 47.5559 ], [ 10.4316, 47.5037 ], [ 10.4402, 47.4867 ], [ 10.4681, 47.4769 ], [ 10.4661, 47.4535 ], [ 10.4758, 47.4333 ], [ 10.4376, 47.413 ], [ 10.4306, 47.3834 ], [ 10.3892, 47.3703 ], [ 10.3861, 47.3565 ], [ 10.357, 47.337 ], [ 10.3302, 47.3049 ], [ 10.3148, 47.3063 ], [ 10.2797, 47.2878 ], [ 10.2663, 47.2878 ], [ 10.232, 47.2707 ], [ 10.2012, 47.2764 ], [ 10.174, 47.2704 ], [ 10.1783, 47.2951 ], [ 10.1992, 47.2978 ], [ 10.2152, 47.3117 ], [ 10.2003, 47.326 ], [ 10.2169, 47.3541 ], [ 10.2369, 47.3735 ], [ 10.1952, 47.3889 ], [ 10.1697, 47.3859 ], [ 10.1697, 47.3713 ], [ 10.1379, 47.368 ], [ 10.1194, 47.3755 ], [ 10.0998, 47.3548 ], [ 10.083, 47.3936 ], [ 10.0736, 47.4143 ], [ 10.0951, 47.4176 ], [ 10.0909, 47.4601 ], [ 10.0699, 47.4561 ], [ 10.0573, 47.4657 ], [ 10.0445, 47.4874 ], [ 10.0099, 47.482 ], [ 9.9957, 47.503 ], [ 9.9652, 47.5207 ], [ 9.9675, 47.546 ], [ 9.9243, 47.5304 ], [ 9.9091, 47.5387 ], [ 9.9091, 47.5387 ] ], [ [ 10.4546, 47.5559 ], [ 10.4815, 47.5846 ], [ 10.4723, 47.5867 ], [ 10.4356, 47.5835 ], [ 10.4511, 47.5547 ], [ 10.4546, 47.5559 ], [ 10.4546, 47.5559 ] ], [ [ 10.8298, 47.7278 ], [ 10.7956, 47.7188 ], [ 10.7549, 47.6885 ], [ 10.752, 47.6697 ], [ 10.773, 47.6576 ], [ 10.7781, 47.662 ], [ 10.7985, 47.6866 ], [ 10.8029, 47.7071 ], [ 10.8203, 47.7118 ], [ 10.8298, 47.7278 ], [ 10.8298, 47.7278 ] ] ] ]
  }
  ],
  "properties" :
  { "event" : "LEICHTER SCHNEEFALL",
  "ec_ii" : "70",
  "responseType" : "Prepare",
  "urgency" : "Immediate",
  "severity" : "Minor",
  "certainty" : "Likely",
  "description" : "Es tritt im Warnzeitraum oberhalb 800 m leichter Schneefall mit Mengen zwischen 5 cm und 10 cm auf. In Staulagen werden Mengen bis 15 cm erreicht. Die Schneefallgrenze fällt auf 800 Meter. Verbreitet wird es glatt.",
  "instruction" : null,
  "sent" : 0,
  "onset" : 1537513800000,
  "effective" : 1537513800000,
  "expires" : 1537514400000 }
  },

  {
  "type" : "unwetter",
  "dwd_id" : "2.62.0.1.276.0.DWD.PVW.1579265700000.3239c728-865d-4e8c-b337-634f0025a0a5.DEU",
  "timestamps" : [ 1537513800000, 1537514100000, 1537514400000 ],
  "geometry" :[
  {
        "type": "MultiPolygon",
        "coordinates": [[
        [
            [
              12.22503662109375,
              51.861227743704696
            ],
            [
              12.43927001953125,
              51.86292391360244
            ],
            [
              12.491455078125,
              51.876490970614775
            ],
            [
              12.50244140625,
              51.891749018068246
            ],
            [
              12.49969482421875,
              51.91547346517476
            ],
            [
              12.49420166015625,
              51.93749209045435
            ],
            [
              12.480468749999998,
              51.957807388715516
            ],
            [
              12.41455078125,
              51.96965372996562
            ],
            [
              12.329406738281248,
              51.96965372996562
            ],
            [
              12.26348876953125,
              51.96626938051444
            ],
            [
              12.293701171875,
              51.9781134854881
            ],
            [
              12.315673828125,
              51.99671932565951
            ],
            [
              12.3486328125,
              52.01193653675363
            ],
            [
              12.34039306640625,
              52.037287059127024
            ],
            [
              12.29644775390625,
              52.05586831074774
            ],
            [
              12.24151611328125,
              52.07444183716456
            ],
            [
              12.178344726562498,
              52.10313118589299
            ],
            [
              12.087707519531248,
              52.13180209119313
            ],
            [
              12.02178955078125,
              52.15371445951162
            ],
            [
              11.936645507812498,
              52.16550896167102
            ],
            [
              11.89544677734375,
              52.16550896167102
            ],
            [
              11.86798095703125,
              52.15708463620445
            ],
            [
              11.82952880859375,
              52.14191683166824
            ],
            [
              11.8212890625,
              52.119998657638156
            ],
            [
              11.7828369140625,
              52.07781801208549
            ],
            [
              11.785583496093748,
              52.11156571943228
            ],
            [
              11.76910400390625,
              52.13180209119313
            ],
            [
              11.738891601562498,
              52.16719363541221
            ],
            [
              11.6839599609375,
              52.2126557200447
            ],
            [
              11.61529541015625,
              52.22611704066942
            ],
            [
              11.54937744140625,
              52.251346020673644
            ],
            [
              11.42852783203125,
              52.24966453484505
            ],
            [
              11.346130371093748,
              52.236210353688655
            ],
            [
              11.260986328125,
              52.22779941887071
            ],
            [
              11.1895751953125,
              52.19245608825017
            ],
            [
              11.164855957031248,
              52.14023120108506
            ],
            [
              11.14288330078125,
              52.10819209746323
            ],
            [
              11.14288330078125,
              52.07275365395317
            ],
            [
              11.1456298828125,
              52.044044771802895
            ],
            [
              11.0797119140625,
              52.03052832477022
            ],
            [
              11.01654052734375,
              52.00179230422271
            ],
            [
              10.98907470703125,
              51.986571643810834
            ],
            [
              10.96710205078125,
              51.96119237712624
            ],
            [
              10.96710205078125,
              51.92733099026087
            ],
            [
              10.9698486328125,
              51.90530737927636
            ],
            [
              10.97808837890625,
              51.88327296443745
            ],
            [
              10.9918212890625,
              51.87309959004367
            ],
            [
              11.05499267578125,
              51.86292391360244
            ],
            [
              11.211547851562498,
              51.864620019548866
            ],
            [
              11.217041015625,
              51.75253980933652
            ],
            [
              11.21978759765625,
              51.725326868064954
            ],
            [
              11.239013671875,
              51.72022261695929
            ],
            [
              11.2664794921875,
              51.730430542940184
            ],
            [
              11.27471923828125,
              51.745738110429116
            ],
            [
              11.27471923828125,
              51.861227743704696
            ],
            [
              11.618041992187498,
              51.864620019548866
            ],
            [
              11.62353515625,
              51.60607748386585
            ],
            [
              11.63726806640625,
              51.59584150020809
            ],
            [
              11.65924072265625,
              51.59584150020809
            ],
            [
              11.678466796874998,
              51.60778325682619
            ],
            [
              11.678466796874998,
              51.86292391360244
            ],
            [
              11.854248046875,
              51.861227743704696
            ],
            [
              11.85699462890625,
              51.53779400311784
            ],
            [
              11.8707275390625,
              51.52241608253253
            ],
            [
              11.8927001953125,
              51.52241608253253
            ],
            [
              11.9146728515625,
              51.53266860674158
            ],
            [
              11.9036865234375,
              51.861227743704696
            ],
            [
              12.0849609375,
              51.86292391360244
            ],
            [
              12.087707519531248,
              51.70150209920415
            ],
            [
              12.10968017578125,
              51.68447672270844
            ],
            [
              12.13165283203125,
              51.69299021149185
            ],
            [
              12.148132324218748,
              51.70150209920415
            ],
            [
              12.139892578125,
              51.861227743704696
            ],
            [
              12.22503662109375,
              51.861227743704696
            ]
          ]
        ]
        ]
      }
  ],
  "properties" :
  { "event" : "ERGIEBIGER DAUERREGEN",
  "ec_ii" : "64",
  "responseType" : "Prepare",
  "urgency" : "Immediate",
  "severity" : "Minor",
  "certainty" : "Likely",
  "description" : "Insbesondere zwischen Magdeburg und Roßlau ist im angegebenen Zeitraum mit anhaltendem Dauerregen zu rechnen.",
  "instruction" : null,
  "sent" : 0,
  "onset" : 1537513800000,
  "effective" : 1537513800000,
  "expires" : 1537514400000 } }
]
